1,0.10669,0.078659,0.036656,0.019819,0.11945,-0.051668,-0.064286,0.093933,0.036645,-0.0048289,-0.058667,-0.16182,-0.20634,0.024873,0.016022,-0.043446,-0.15102,-0.0082031,-0.0085894,-0.14148,0.024686,0.043072,0.032849,0.070239,-0.051853,-0.077865,-0.028278,0.0089768,0.015695,-0.053062,-0.045322,-0.075546,-0.094575,-0.0070996,0.0094962,0.011044,-0.046037,-0.086194,-0.070156,-0.057178,-0.02848,0.020193,-0.019622,-0.037736,-0.032579,-0.041081,-0.032818,-0.0057416,0.012175,0.047013,-0.17652,-0.038733,0.011369,-0.037805,0.0094876,-0.10182,0.01935,0.030486,-0.04225,-0.0079899,-0.042079,-0.018706,-0.034861,0.012433,-0.063407,-0.020837,-0.0091468,-0.069571,-0.22275,-0.029302,0.0091293,0.036098,0.00014933,0.036135,-0.0025292,0.032588,0.0049844,0.0062116,-0.015589,-0.00024015,0.002732,-0.0083892,0.0044473,0.030736,-0.035119,-0.010279,0.030687,-0.14107,0.010421,-0.0067414,-0.019047,0.027196,-0.012731,-0.023325,-0.024058,0.014214,0.010281,-2.8797e-05,-0.011526,0.015766,-0.085273,0.0012797,-0.0015625,0.0030227,-0.026672,0.022658,-0.0020497,-0.005841,0.028483,-0.098229,0.010915,0.001211,-0.0095466,-0.070393,-0.021976,-0.011191,-0.1519,-0.042939,-0.014718,-0.062398,0.00093249,-0.047857,0.015087,0.0091512,-0.016757,-0.041643,-0.081739,-0.032111,-0.21203,-0.045642,-0.0060204,-0.23536,-0.059397,0.019071,-0.043,-0.012224,0.032987,-0.018884,-0.24744,-0.022138
0.10669,1,0.27036,0.35289,0.1925,0.064978,0.0070276,0.026248,-0.070406,-0.040957,-0.017566,-0.064488,-0.15721,-0.15801,-0.12042,-0.017398,0.038614,-0.010478,-0.0074861,-0.014523,-0.13435,-0.0010055,0.017475,-0.077314,-0.024161,0.00019349,-0.05166,0.061425,-0.061645,-0.02603,-0.13963,-0.043795,-0.082125,-0.036314,-0.029143,0.044646,0.025314,-0.088267,-0.054891,-0.097958,-0.079955,-0.072781,-0.052032,-0.055038,-0.089619,-0.070217,-0.023583,-0.012061,-0.067802,-0.10682,-0.045403,-0.11143,-0.0041223,-0.048041,-0.021772,0.0042135,-0.062474,-0.095829,-0.036491,-0.098911,-0.055089,-0.028985,-0.036467,-0.031915,0.019937,-0.12277,0.032973,-0.05668,-0.041356,-0.13752,-0.0085352,-0.046878,-0.0067153,-0.042719,0.038843,-0.003641,-0.02589,-0.011316,0.020371,0.015362,-0.0873,0.18972,0.031476,-0.03219,-0.038881,0.072714,-0.051242,0.0033392,-0.10655,0.023961,-0.0082868,0.068811,-0.052831,0.029606,0.003045,-0.016546,-0.014052,-0.071883,-0.01055,-0.069962,-0.058567,-0.096813,-0.047515,-0.03022,-0.013142,-0.016719,-0.018313,-0.049348,-0.088538,-0.015991,-0.048566,-0.022259,-0.015316,-0.01077,-0.13688,-0.0048221,0.00031477,-0.14322,-0.014787,0.0072457,-0.051391,0.014201,-0.085628,-0.033796,-0.064391,-0.051849,-0.048586,-0.051288,-0.03772,-0.15761,-0.050701,-0.046063,-0.14582,-0.048643,-0.054963,0.0075418,-0.0022793,-0.060425,-0.0035617,-0.15538,-0.02382
0.078659,0.27036,1,0.2278,0.17625,0.21269,0.0031203,-0.041766,0.15279,-0.031026,0.031957,-0.013259,-0.23906,-0.18567,-0.078521,0.057813,-0.067346,-0.11053,-0.060246,-0.07105,-0.15064,0.05953,0.03962,-0.05886,0.0075475,-0.04549,-0.11725,-0.038351,-0.042299,0.032124,-0.14389,-0.16243,-0.10026,-0.14602,-0.049129,-0.0015726,0.029562,-0.05492,-0.094571,-0.15257,-0.11404,-0.034845,-0.024814,-0.023514,-0.099265,-0.035073,0.044509,-0.014529,-0.06125,-0.11879,-0.019027,-0.21908,-0.0035847,0.051984,-0.060056,0.028899,-0.13134,-0.090281,-0.03187,-0.035277,-0.059793,-0.053494,-0.034894,-0.025961,0.053709,-0.15038,-0.010657,-0.011782,0.019736,-0.20515,-0.0076557,-0.032427,-0.008071,0.019452,0.035563,0.040514,-0.00086302,-0.027567,0.027485,0.02516,-0.07271,0.01969,-0.023509,-0.035479,-0.010778,-0.099672,-0.043479,-0.031356,-0.0947,0.009606,-0.029439,-0.095437,-0.043493,-0.0020427,-0.046988,-0.0572,-0.020654,-0.061988,0.0007123,-0.040805,-0.011214,-0.14102,-0.052606,-0.065286,0.02187,-0.034547,0.01001,-0.050054,-0.11115,0.059774,-0.060443,-0.0040198,0.046737,-0.0067084,-0.17773,-0.083786,0.0043028,-0.16991,0.016412,0.002397,-0.092857,0.0064668,-0.090815,-0.054548,-0.018751,-0.025558,-0.071692,-0.071787,-0.067755,-0.21585,-0.061715,-0.015583,-0.19605,-0.086174,0.032335,-0.045002,0.012807,-0.0034922,-0.013614,-0.1746,-0.056953
0.036656,0.35289,0.2278,1,0.31382,-0.056286,-0.015828,0.31295,-0.074756,-0.14819,0.10341,-0.026318,-0.15068,-0.15847,-0.11259,0.025832,-0.0472,-0.11892,-0.053009,0.23316,-0.1191,-0.033893,0.020994,-0.047301,-0.033262,-0.047522,-0.087206,0.38028,-0.047181,-0.057592,-0.12811,-0.10743,-0.086741,-0.099337,-0.054642,-0.0033511,-0.023719,-0.02532,-0.065867,-0.097005,-0.060494,-0.036212,-0.031819,-0.061374,-0.10445,-0.029858,-0.03394,-0.013852,-0.043164,-0.056504,-0.019489,-0.12409,-0.0086157,-0.070092,-0.062673,-0.038596,-0.094783,-0.055729,-0.010568,-0.064523,-0.054721,-0.0064162,-0.055712,-0.028585,0.027361,-0.11669,-0.043063,-0.061262,-0.024795,-0.12045,-0.0031267,-0.048322,-0.010321,-0.019964,0.037641,-0.0079877,-0.039556,-0.01652,0.0032228,-0.029585,-0.061174,0.038695,-0.056813,-0.050054,-0.021349,-0.050554,-0.020656,0.022028,-0.079912,-0.0085454,-0.018914,-0.04584,-0.012759,-0.0071683,-0.053436,-0.051892,-0.0322,-0.039846,-0.007325,-0.044741,-0.049932,-0.080371,-0.055965,-0.040488,-0.046217,-0.023895,-0.019979,-0.046891,-0.065659,-0.044062,-0.041003,-0.022673,-0.030179,-0.02256,-0.10498,-0.046185,-0.024938,-0.11378,-0.027567,-0.031607,-0.055984,-0.0047852,-0.044258,-0.046273,-0.047271,-0.034014,-0.043328,-0.063467,-0.057327,-0.13092,-0.051961,-0.030862,-0.10726,-0.041482,-0.063137,-0.038261,-0.047542,-0.07629,-0.041963,-0.12807,-0.033111
0.019819,0.1925,0.17625,0.31382,1,-0.0087148,0.075408,0.024215,-0.036238,-0.082337,-0.0061037,-0.023334,-0.097477,-0.12685,-0.061282,-0.0525,-0.0567,-0.084769,-0.030152,0.010448,-0.063424,-0.046085,-0.043088,-0.0431,-0.050296,-0.018574,-0.037232,-0.047759,-0.038203,0.057684,-0.10487,-0.072742,-0.044616,-0.042504,-0.028419,-0.0091232,-0.046343,-0.036572,-0.03337,-0.057084,-0.051765,-0.013925,-0.058419,-0.056623,-0.057792,-0.012812,-0.045483,-0.037814,-0.048615,-0.062229,-0.057126,-0.081642,-0.017307,-0.025338,-0.031916,-0.028607,-0.064605,-0.053532,-0.047101,-0.063434,-0.043666,0.02175,-0.050024,8.6702e-05,-0.013042,-0.078822,-0.035093,-0.057061,-0.011696,-0.055648,-0.019657,-0.043125,-0.01972,-0.031421,-0.011787,-0.0092912,-0.042628,-0.0039921,-0.010767,-0.025312,-0.05378,-0.0086151,-0.045441,-0.058025,-0.00087337,-0.017125,-0.0062214,-0.044635,-0.063354,-0.016681,-0.02392,-0.020545,-0.023188,0.0055603,-0.038281,-0.012562,-0.018929,-0.037624,0.0041104,0.26833,-0.029701,-0.064266,-0.045137,-0.032269,-0.00039674,-0.026277,-0.015274,-0.043265,-0.052515,-0.022493,-0.042635,-0.035275,-0.0031683,-0.0025461,-0.089398,-0.0038876,-0.011645,-0.059917,-0.024726,-0.03547,-0.036965,0.0036488,-0.013892,-0.027418,-0.033996,-0.033495,-0.025048,-0.025863,-0.023906,-0.071313,-0.035411,-0.028598,-0.063738,-0.026926,-0.022595,-0.004304,-0.043318,-0.037194,-0.048243,-0.11169,-0.046881
0.11945,0.064978,0.21269,-0.056286,-0.0087148,1,-0.029985,-0.10198,0.11377,0.10461,0.033836,-0.019381,-0.17558,-0.14745,-0.026283,0.0060048,-0.11489,-0.060866,-0.018299,-0.07093,-0.05545,0.021771,0.04889,-0.015001,0.032442,-0.045629,-0.078123,-0.075907,0.053312,-0.01736,-0.016423,-0.13821,-0.042477,-0.051324,0.022564,0.015793,0.031791,-0.04977,-0.081172,-0.065589,-0.027658,-0.035608,0.04596,-0.011626,0.028373,-0.0054194,-0.013767,-0.034065,-0.051259,-0.069987,7.7086e-05,-0.15964,-0.0079999,-0.012892,-0.032248,-0.0057209,-0.076057,-0.026486,-0.012479,-0.0047565,0.010107,-0.011406,-0.02747,-0.012396,0.038834,-0.021399,-0.0055143,-0.030389,-0.00076457,-0.16426,-0.039377,0.071,-0.008091,-0.033398,0.050819,0.063346,0.042672,-0.014963,0.10496,-0.026917,-0.0072841,0.0018847,-0.028746,0.005805,-0.028904,-0.093096,-0.00609,-0.022509,-0.076977,0.068503,0.0077801,-0.0919,-0.035775,0.037168,-0.049306,-0.040525,-0.042315,-0.059388,-0.0080168,-0.0099546,0.0052991,-0.11437,0.0018197,-0.057231,-0.044167,-0.011132,-0.03668,-0.036869,-0.085225,-0.029996,-0.053691,-0.023185,-0.0076929,0.0083012,-0.038448,-0.063346,-0.028537,-0.13241,-0.025871,0.019049,-0.024501,0.0015335,-0.030999,-0.061172,0.015868,0.006549,-0.048533,-0.023708,-0.04331,-0.1931,-0.00030266,0.0096818,-0.16726,-0.0068997,0.035168,0.044497,0.01609,-0.00060626,0.0033236,-0.14185,-0.035865
-0.051668,0.0070276,0.0031203,-0.015828,0.075408,-0.029985,1,0.0011991,0.071445,-0.024882,0.037164,-0.049079,-0.0031745,-0.054169,-0.034255,-0.033193,0.037806,-0.046909,0.013816,0.03032,0.023944,-0.022394,-0.033832,-0.040677,-0.019493,-0.0044514,-0.034599,-0.027742,-0.020902,-0.032697,-0.075087,-0.050817,-0.045918,-0.014133,-0.022796,-0.035012,-0.020542,-0.019462,-0.014231,-0.028102,-0.020444,0.00051023,0.01371,-0.034529,-0.035605,-0.027433,-0.0077848,-0.010086,-0.022807,-0.015328,-0.043013,-0.023109,0.0073689,-0.042287,-0.0050405,-0.019269,-0.0064446,-0.014879,-0.03029,-0.022007,-0.020973,-0.0051209,0.0081172,-0.034028,-0.037078,-0.064125,0.47248,-0.034677,0.0072304,-0.04147,0.0014704,-0.030399,-0.00020443,-0.023633,-0.030666,-0.017833,-0.023915,-0.00048692,-0.01197,0.0095609,-0.034712,0.043486,-0.016716,-0.012573,-0.024528,-0.0065349,-0.0061127,-0.010145,-0.029619,-0.0084863,-0.0074035,-0.0034177,-0.035515,-0.018769,-0.013303,-0.019149,-0.030087,-0.035895,0.067963,0.0034577,-0.0084724,-0.030798,-0.01629,0.015634,-0.032474,-0.040801,-0.014116,-0.021061,-0.028172,-0.034654,-0.021642,-0.024009,-0.015046,-0.016614,-0.061323,0.0060345,0.0083785,-0.025948,-0.013058,-0.019325,-0.0053742,-0.008592,-0.026299,-0.021172,-0.039449,-0.019948,-0.00013947,-0.021971,-0.010054,-0.032788,0.0087775,0.047784,-0.026881,-0.023964,-0.023425,-0.0011174,-0.0026474,-0.016757,-0.016993,-0.029155,-0.034243
-0.064286,0.026248,-0.041766,0.31295,0.024215,-0.10198,0.0011991,1,-0.11829,-0.13253,0.045027,0.036856,-0.053053,-0.069921,-0.0027608,-0.019546,0.036102,-0.046062,0.029959,0.19892,-0.02399,0.0035177,-0.0089399,-0.029821,-0.03544,0.053492,0.169,0.42079,-0.064815,-0.045529,-0.10317,-0.063387,-0.021579,0.137,-0.025362,-0.00040634,-0.027543,0.088106,-0.035211,0.011303,0.028836,-0.065262,-0.036615,-0.061645,-0.052414,0.0019883,-0.040782,0.038283,-0.036426,-0.032396,0.015154,0.044925,-0.025855,-0.053241,0.038805,-0.033065,0.029952,-0.020972,-0.044139,-0.015316,0.018708,-0.023688,0.014765,0.0016691,-0.01935,-0.088018,-0.0096258,-0.024808,-0.035964,-0.041722,-0.041762,-0.0060887,0.029984,-0.028177,-0.023336,-0.014379,-0.041012,0.0072606,-0.034225,-0.032978,0.050191,-0.019219,-0.027735,0.056741,-0.053071,0.0050426,-0.02137,-0.051702,-0.05561,-0.043757,0.054928,0.0052973,-0.016835,-0.03693,0.024,0.054604,-0.039237,-0.018477,0.0090747,-0.043301,-0.028357,-0.042683,0.06118,0.013698,-0.015196,-0.02505,0.001757,0.003361,-0.049752,-0.043924,-0.0049836,-0.029013,0.0081934,0.015481,-0.030712,-0.0053887,0.017554,0.049487,-0.021307,0.0058074,0.058574,0.013081,0.0092726,-0.037982,-0.033023,-0.025689,0.055558,-0.00078715,0.043707,-0.058629,0.023096,-0.016294,-0.041487,0.023766,-0.0279,0.0033824,-0.016917,-0.034352,-0.028377,-0.058776,-0.036277
0.093933,-0.070406,0.15279,-0.074756,-0.036238,0.11377,0.071445,-0.11829,1,0.041525,0.070962,0.00053552,0.04601,-0.090914,-0.084147,0.038606,-0.061989,0.012888,-0.033961,-0.034852,-0.062514,-0.031957,0.0013442,-0.049489,-0.0099122,-0.010211,-0.12928,-0.078945,-0.0090199,-0.042628,-0.053494,-0.090141,-0.053663,-0.08699,0.0039916,0.063533,0.041775,-0.062898,-0.019729,-0.055381,0.051834,0.0059451,-0.036236,0.011264,-0.071786,-0.025249,0.048917,-0.047664,-0.044697,-0.086663,0.0079852,-0.13893,-0.013447,0.10515,-0.028633,0.00050542,-0.057455,-0.055133,-0.037381,-0.0063824,-0.024746,-0.015737,-0.070678,0.0085389,0.020592,-0.088725,0.0011667,0.048498,-0.01281,-0.037796,-0.014347,0.016657,-0.037592,-0.032705,-0.016244,0.030347,0.0027982,-0.028952,0.00070401,0.0096491,-0.051274,-0.00081382,-0.032995,0.0076808,-0.03176,-0.072001,-0.023556,-0.034837,-0.053133,-0.0083507,-0.013544,-0.070638,-0.048366,-0.023546,-0.030779,-0.0018266,-0.030573,-0.048297,-0.025222,-0.010627,-0.030312,0.13093,0.0016926,-0.045328,-0.048211,-0.028361,-0.028716,0.071197,-0.041401,0.10245,-0.038899,0.0020436,-0.02407,-0.035648,-0.075629,-0.05025,-0.032623,-0.099686,0.043225,0.0017873,-0.057018,-0.040193,-0.046891,-0.043124,-0.01893,-0.0080084,-0.057398,-0.032518,-0.05016,-0.039042,-0.03723,-0.053551,-0.030825,-0.038972,0.016657,-0.039923,-0.0093122,0.024517,0.0029077,-0.081283,-0.019247
0.036645,-0.040957,-0.031026,-0.14819,-0.082337,0.10461,-0.024882,-0.13253,0.041525,1,-0.020149,0.027792,-0.046485,-0.098655,0.08492,-0.0032627,-0.11533,-0.12329,-0.0023963,-0.030542,-0.10364,-0.025469,-0.039859,-0.035802,-0.037099,-0.041733,-0.1416,-0.046216,-0.048614,-0.034601,0.35095,-0.090109,0.048895,-0.11381,-0.060027,0.070267,-0.0010334,-0.051662,-0.017977,0.0035772,-0.036948,0.023013,0.0039512,-0.048324,0.30238,-0.035369,-0.06345,-0.051556,-0.061666,0.012544,0.025228,-0.12223,-0.019814,-0.021838,-0.042369,-0.032195,-0.048778,0.020678,0.033483,0.0088853,0.011447,-0.02389,-0.036885,-0.0088942,-0.0034289,0.29754,-0.013859,-0.01654,0.01442,-0.078943,-0.028965,-0.027744,-0.025263,0.011976,0.0072547,-0.011543,0.012131,-0.055807,-0.0097706,-0.00092442,-0.050462,-0.018241,-0.024921,-0.032982,0.17427,-0.061472,-0.00057596,0.036835,-0.058007,-0.0061205,-0.003742,-0.075895,0.15807,-0.028301,-0.052338,-0.04869,-0.040925,-0.057996,-0.050404,-0.031436,-0.036408,0.049322,-0.029573,-0.032909,-0.061507,-0.034431,0.0044259,-0.021199,-0.073107,-0.029967,-0.046772,-0.028425,-0.013081,0.012027,0.22359,-0.051087,-0.0043535,-0.10592,-0.042637,-0.013514,-0.058414,-0.025506,-0.041671,0.14596,-0.025944,-0.037777,-0.091187,-0.033083,-0.062823,-0.11566,-0.065414,-0.024795,-0.10192,-0.061942,-0.033507,-0.0075338,0.017212,0.0011629,0.017805,-0.11482,-0.024311
-0.0048289,-0.017566,0.031957,0.10341,-0.0061037,0.033836,0.037164,0.045027,0.070962,-0.020149,1,0.05879,-0.010368,-0.095858,-0.042537,-0.027364,-0.048239,0.017473,-0.0018446,0.27792,-0.068258,-0.039579,-0.015471,-0.0019541,-0.026448,-0.03215,-0.07484,0.067038,0.065522,-0.045804,-0.059639,-0.074027,-0.040519,-0.039979,-0.0066926,0.047791,-0.015979,-0.020364,-0.037863,-0.039779,-0.0063678,0.045188,-0.034305,-0.027586,-0.030626,-0.019508,-0.013671,0.00096763,0.040228,-0.069729,-0.021438,-0.095291,0.038633,-0.041966,-0.042912,0.029351,-0.06194,-0.051196,-0.0097429,-0.049738,0.023236,0.019698,-0.036014,-0.037872,0.023245,-0.058078,-0.022603,-0.015956,0.023087,-0.085519,0.075575,-0.034462,-0.045765,-0.051803,0.040529,-0.0067953,-0.00094683,-0.0041376,-0.016529,-0.016908,-0.0096748,-0.011459,-0.034985,0.040113,-0.01498,-0.046491,-0.013305,-0.017023,-0.045978,0.0031955,0.011685,-0.033591,-0.026435,0.044301,-0.0020608,-0.024766,0.047394,-0.01096,-0.033838,-0.026867,-0.0026108,-0.028411,-0.008548,-0.0325,-0.050981,0.037458,-0.033542,-0.023993,-0.046818,-0.038384,-0.026659,-0.038731,-0.019153,-0.0254,-0.051765,-0.034473,-0.027943,-0.080703,-0.035309,-0.016829,-0.021582,0.078736,-0.036459,-0.052945,0.023028,0.053204,-0.043116,-0.039566,-0.023669,-0.076051,-0.032074,-0.0078508,-0.072106,0.017003,-0.035555,-0.0056777,0.010035,0.004954,0.03262,-0.079994,0.073921
-0.058667,-0.064488,-0.013259,-0.026318,-0.023334,-0.019381,-0.049079,0.036856,0.00053552,0.027792,0.05879,1,0.027798,-0.044738,0.01044,-0.015627,0.033885,-0.0070121,0.0067423,-0.0084973,-0.041434,0.1494,-0.015285,0.013814,-0.0257,-0.011905,-0.00015572,-0.03329,-0.041384,0.012273,-0.037912,0.019353,-0.028726,-0.013559,-0.032901,-0.016606,-0.039581,-0.00095008,-0.056364,-0.0053416,0.082411,0.10166,-0.019659,-0.06302,0.12265,0.0026377,-0.051106,-0.0053026,0.027643,-0.034017,0.0059363,-0.030327,0.060759,0.093184,-0.0053034,-0.037898,-0.02921,-0.016904,-0.022243,0.015583,-0.033988,0.0014413,-0.023858,0.0084129,-0.033235,-0.039374,-0.026562,0.043508,0.062104,-0.027233,0.092931,0.0085651,-0.016276,-0.018587,-0.013994,0.022103,-0.0017545,-0.017043,-0.015814,-0.052915,-0.020265,-0.022356,0.040096,-0.0055988,-0.044103,0.007934,-0.013869,-0.0019519,-0.039142,-0.016509,0.015873,0.04098,-0.041037,0.059168,0.010456,0.011977,0.07935,-0.0089039,-0.015423,-0.046466,-0.0004929,-0.027896,-0.016342,-0.00044324,-0.040347,0.020662,-0.011781,0.015736,-0.021473,0.11055,-0.027326,0.017433,-0.018121,0.00062099,-0.052701,-0.029147,-0.0079103,-0.011146,-0.031369,-0.022099,-0.018538,0.1007,0.016818,-0.050434,0.041304,0.038298,-0.02812,0.00097773,-0.0050743,-0.032124,0.0065556,-0.016217,-0.0016714,-0.0097734,-0.011489,-0.029577,-0.0099173,-0.0084772,0.012394,-0.066887,0.10192
-0.16182,-0.15721,-0.23906,-0.15068,-0.097477,-0.17558,-0.0031745,-0.053053,0.04601,-0.046485,-0.010368,0.027798,1,-0.028217,-0.04315,-0.024094,0.035891,0.31722,0.0031515,-0.026052,-0.015506,-0.02729,-0.032862,-0.021995,-0.031987,0.0087491,0.058622,-0.057939,-0.037876,-0.053902,-0.018456,0.13823,0.030024,0.051022,-0.017109,-0.050452,-0.042519,-0.024229,-0.023823,-0.016001,0.035745,-0.013715,-0.027649,-0.029992,-0.011043,-0.032595,-0.043099,0.0012454,-0.003452,-0.028019,-0.042846,0.038143,-0.0063502,0.033118,-0.022944,-0.01044,0.034794,-0.019557,-0.045908,-0.010575,-0.033254,0.0099625,-0.027807,-0.01652,-0.046885,-0.01948,-0.038839,0.062963,0.015174,0.55912,-0.003763,0.0035469,-0.022791,-0.034807,-0.048238,-0.024709,-0.011149,-0.0070773,-0.014479,-0.028064,-0.021407,-0.034905,0.014388,-0.035928,-0.03165,0.011514,0.038759,-0.045708,-0.02844,-0.021219,-0.019974,0.051347,-0.029601,-0.011905,0.025472,-0.020874,0.023826,-0.011928,-0.012198,-0.037687,-0.011776,0.25196,-0.012974,-0.014564,-0.033859,-0.011229,-0.025922,0.0055301,0.21472,-0.032277,-0.019881,-0.017346,-0.017806,-0.013221,-0.041703,0.012452,0.0031033,0.016603,-0.010205,-0.0030894,0.023787,-0.0063125,0.018385,0.084115,-0.0051561,0.010613,0.016295,0.014671,0.0026805,0.63993,0.024618,-0.019879,0.57197,-0.00033414,0.01342,0.035479,-0.022287,-0.020874,-0.0085086,-0.027915,0.05327
-0.20634,-0.15801,-0.18567,-0.15847,-0.12685,-0.14745,-0.054169,-0.069921,-0.090914,-0.098655,-0.095858,-0.044738,-0.028217,1,0.081903,-0.017308,0.0020673,0.0069835,0.0056234,-0.027233,0.32231,-0.036489,-0.0020745,7.5039e-05,-0.03015,-0.034094,0.0090315,-0.058006,-0.030272,-0.045452,-0.049493,0.11392,-0.031883,0.021043,-0.022675,-0.017454,-0.034353,-0.017392,0.092164,0.056446,0.022589,-0.045515,0.0026072,0.012983,-0.036138,-0.0088718,0.0058706,-0.01376,-0.021332,0.083943,-0.040278,0.35024,-0.015365,-0.047927,-0.027933,-0.018532,0.15156,0.040449,-0.027621,0.0063158,-0.015573,-0.012536,-0.018868,-0.037991,-0.040256,-0.045101,-0.038606,-0.013559,-0.059911,-0.037696,-0.033976,-0.023166,-0.007569,-0.033428,-0.018868,-0.049233,-0.034272,-0.040871,-0.026562,-0.026786,-0.026119,-0.031347,-0.030411,-0.019003,-0.035358,0.014657,-0.017021,-0.025666,0.64369,-0.031748,-0.022909,-0.022585,-0.036764,-0.054113,-0.0020961,-0.0030532,-0.043603,0.010761,-0.0093742,-0.040024,-0.017706,-0.0092541,-0.01494,-0.022907,-0.035559,-0.034162,0.0018185,0.019247,0.0065771,-0.036032,0.12749,-0.028838,-0.033589,-0.00076806,0.024309,0.027364,0.0044264,0.21904,0.0031194,-0.01865,0.075349,-0.063184,0.017298,-0.010191,-0.032552,-0.017866,0.025676,0.013359,-0.022107,-0.032224,0.049559,0.017211,-0.035155,0.063198,-0.024722,0.016632,-0.0027732,-0.034788,-0.022438,0.73756,-0.063846
0.024873,-0.12042,-0.078521,-0.11259,-0.061282,-0.026283,-0.034255,-0.0027608,-0.084147,0.08492,-0.042537,0.01044,-0.04315,0.081903,1,0.00060169,0.015072,-0.032371,0.0096153,-0.034228,-0.014452,-0.034973,-0.036369,-0.037987,-0.023756,-0.022962,0.00092513,-0.018882,-0.014245,-0.01756,-0.03907,-0.043147,-0.040611,-0.0089353,-0.0017489,-0.023406,-0.036903,0.015426,0.0011145,0.0030416,0.038988,-0.036305,0.089813,-0.01391,-0.026967,-0.019592,-0.020047,-0.023044,-0.015676,0.56189,-0.023979,-0.031456,0.011953,-0.030958,-0.022927,0.0035156,-0.041579,0.31655,-0.019959,0.052061,-0.022647,-0.01736,-0.017513,-0.024414,-0.00052018,-0.037541,-0.02236,-0.016491,-0.01584,-0.045255,-0.0069853,-0.020846,0.0083738,-0.023879,-0.021317,0.0056621,-0.021436,-0.039472,-0.012023,-0.0091091,-0.0069346,-0.04247,-0.026879,-0.013087,0.0011073,-0.01038,-0.014897,-0.033985,-0.033292,-0.0095668,-0.0097918,-0.0060884,0.028415,-0.027631,-0.022354,-0.015076,-0.021793,-0.019701,0.081577,-0.023511,0.00278,-0.013517,5.8991e-06,-0.026008,-0.034345,-0.028065,0.2041,-0.012451,-0.033502,-0.02475,-0.015048,-0.011098,-0.033554,-0.025903,-0.041237,-0.030519,0.041814,-0.02714,-0.022252,-0.030076,-0.011418,-0.017227,-0.020033,-0.032132,0.0086693,-0.015195,-0.0087563,-0.027534,-0.0083094,-0.032032,-0.019681,-0.026188,-0.031659,-0.017801,-0.0020647,0.023469,-0.018535,-0.018698,-0.038144,-0.033448,-0.037252
0.016022,-0.017398,0.057813,0.025832,-0.0525,0.0060048,-0.033193,-0.019546,0.038606,-0.0032627,-0.027364,-0.015627,-0.024094,-0.017308,0.00060169,1,-0.034886,-0.030068,-0.0055431,0.029859,0.003483,0.0039911,0.0082938,-0.040949,-0.022859,-0.015059,-0.032438,-0.017637,0.020555,-0.012012,-0.027394,-0.013735,-0.029067,-0.032303,0.0036509,0.034412,-0.01376,0.011779,0.0016298,0.026329,-0.033014,-0.012949,-0.022374,0.037836,0.068605,-0.008248,-0.03191,-0.034602,-0.023665,-0.032593,-0.028983,-0.063237,0.0011793,-0.031724,-0.039028,-0.011223,-0.051727,-0.021247,-0.0080316,-0.0043756,0.010328,0.0075215,-0.014799,-0.010277,0.014847,-0.030091,-0.013955,0.033554,-0.024625,-0.055119,-0.036492,-0.022199,-0.019611,-0.0051997,-0.028288,-0.0030906,-0.02843,-0.0032398,-0.014245,0.017197,0.010968,-0.015018,-0.026356,-0.036668,-0.021567,0.011272,-0.01872,-0.0092605,-0.020027,-0.018125,-0.011148,-0.011332,0.0096745,-0.015831,0.01692,-0.027928,-0.022726,-0.019836,-0.039492,-0.018598,-0.021773,-0.026611,-0.027127,-0.0044278,-0.0032335,-0.039761,-0.020217,-0.029351,-0.0066161,-0.017305,-0.025509,0.0020621,-0.020201,-0.0087211,-0.031454,-0.026059,-0.01752,-0.054418,-0.0082684,-0.014328,-0.023303,-0.027641,0.012849,-0.0078863,-0.043774,0.03362,-0.016311,-0.02492,-0.02818,-0.054464,-0.034811,-0.020072,-0.051905,-0.024739,-0.015142,0.0015524,-0.0032388,-0.019024,-0.0010144,-0.046504,-0.034181
-0.043446,0.038614,-0.067346,-0.0472,-0.0567,-0.11489,0.037806,0.036102,-0.061989,-0.11533,-0.048239,0.033885,0.035891,0.0020673,0.015072,-0.034886,1,0.055279,0.013896,-0.020392,0.0039273,-0.030347,-0.038023,-0.035425,-0.032124,-0.018807,0.062003,-0.0039324,-0.031909,-0.050671,-0.019491,-0.02438,-0.0038676,0.024499,-0.020551,-0.019534,-0.019019,-0.019648,-0.032311,0.024863,-0.013779,-0.026243,-0.028588,-0.037591,-0.022895,0.002894,-0.024943,-0.022551,-0.019267,-0.015835,-0.036103,0.17309,-0.0065084,-0.01722,-0.020624,-0.009406,0.040334,-0.013162,-0.024524,0.0086429,-0.018046,-0.020773,-0.011132,-0.0026172,-0.028067,-0.034798,-0.029344,-0.0023071,0.044192,0.013645,-0.03321,-0.029957,-0.018934,-0.020555,-0.020654,-0.024339,-0.012715,-0.017109,-0.014031,-0.013638,-0.041878,-0.029612,-0.023873,0.0046301,0.0038083,0.47828,-0.023852,-0.033406,-0.020804,-0.012479,-0.012307,0.42296,-0.0062938,-0.0097868,0.12714,0.023764,-0.010961,-0.02536,-0.0074238,-0.035731,-0.025728,-0.022353,-0.013904,-0.01449,-0.033939,-0.019244,-0.0073725,-0.016626,-0.028948,-0.0042653,-0.022506,-0.020666,-0.026817,-0.010583,-0.035527,0.22651,0.021456,0.093676,-0.022788,-0.014704,0.055931,-0.01556,0.0038004,-0.032919,-0.023839,-0.015782,0.019129,0.0012621,0.0030568,0.0056376,0.0014359,-0.012033,0.021485,0.0025159,-0.021344,-0.0061705,-0.024733,-0.017428,-0.044026,-0.0080396,-0.0314
-0.15102,-0.010478,-0.11053,-0.11892,-0.084769,-0.060866,-0.046909,-0.046062,0.012888,-0.12329,0.017473,-0.0070121,0.31722,0.0069835,-0.032371,-0.030068,0.055279,1,-0.051402,-0.040788,-0.0028024,-0.014721,-0.041587,-0.02472,-0.018968,0.0073845,0.026931,-0.018072,0.00035359,-0.080671,-0.070847,0.1909,-0.041523,0.016237,0.10081,0.073102,-0.0062161,-0.0067089,-0.013958,0.0028476,-0.0021108,-0.035971,-0.039527,-0.033171,-0.030514,-0.0055633,-0.0094427,0.007625,-0.01605,-0.046434,-0.070069,-0.015355,-0.028724,0.0035991,0.039594,0.027349,-0.012085,-0.018714,-0.041715,0.038833,-0.02599,-0.022397,-0.021206,-0.023629,-0.018278,-0.055816,-0.024333,-0.019881,-0.040514,0.4184,0.0049202,-0.015014,-0.025804,-0.040839,-0.0034201,-0.02404,0.014286,0.019818,-0.01964,0.0028877,-0.016026,0.037184,-0.015774,-0.021335,-0.03342,-0.012568,-0.026415,-0.0653,-0.045231,-0.021659,0.014807,-0.010667,-0.024927,-0.037184,-0.0019433,0.012987,-0.02051,-0.016101,-0.018178,-0.036447,-0.015949,0.054156,-0.025565,-0.0012851,-0.058261,-0.031875,-0.022534,0.0025796,0.0072013,0.012215,-0.018352,-0.029816,-0.0050604,-0.024409,-0.068469,-0.0046281,-0.0016217,-0.0030521,-0.016351,0.0051458,0.0070373,-0.021474,-0.012599,-0.052614,-0.037217,-0.018123,0.0028545,0.014261,0.0055681,0.38789,0.0093139,0.0035064,0.42802,-0.0088809,0.018872,-0.031416,0.009815,-0.0058141,-0.0097567,-0.041227,-0.0076587
-0.0082031,-0.0074861,-0.060246,-0.053009,-0.030152,-0.018299,0.013816,0.029959,-0.033961,-0.0023963,-0.0018446,0.0067423,0.0031515,0.0056234,0.0096153,-0.0055431,0.013896,-0.051402,1,-0.038004,0.030387,-0.022516,0.01954,-0.031802,-0.00090635,-0.015081,0.076954,-0.019307,-0.018933,0.014854,-0.0086553,-0.015512,0.027698,0.069651,-0.018907,0.068221,0.023447,-0.031903,-0.0028795,0.005416,0.036765,0.05214,0.052414,-0.019925,0.01157,-0.021829,-0.041641,-0.024245,-0.021121,0.064549,-0.010163,0.037352,0.018225,-0.027751,0.0071967,-0.029687,0.022741,0.056916,-0.024155,-0.026364,0.012625,0.0032474,-0.021932,-0.022914,-0.012315,-0.04648,0.050416,-0.017652,0.053609,0.017624,-0.012695,-0.020348,-0.0071517,-0.008104,-0.018758,-0.0014294,-0.016497,0.024964,-0.01252,0.017067,-0.0026611,-0.0029274,-0.011281,-0.0017658,-0.015138,-0.024231,-0.0098969,-0.026623,-0.0168,0.019422,0.003287,0.047133,0.052942,-0.024465,-0.013951,0.03793,0.0091296,-0.021176,0.0052636,0.0093316,0.030172,-0.026054,-0.019342,-0.012637,0.00067917,-0.013885,-0.008464,-0.022578,-0.015321,-0.029878,-0.026435,-0.027313,-0.015908,-0.01812,-0.038543,-0.011137,-0.011595,0.023284,-0.021628,0.023923,0.035114,0.0032796,0.028043,0.0076798,-0.031959,-0.002382,0.030422,0.013523,0.0066026,0.00081394,0.038566,0.0055411,-0.0057566,0.073407,0.025998,0.04715,0.012854,-0.0013334,0.015224,-0.012617,0.011606
-0.0085894,-0.014523,-0.07105,0.23316,0.010448,-0.07093,0.03032,0.19892,-0.034852,-0.030542,0.27792,-0.0084973,-0.026052,-0.027233,-0.034228,0.029859,-0.020392,-0.040788,-0.038004,1,-0.054293,-0.049672,-0.0071807,0.00028646,-0.025404,-0.037257,-0.057823,0.30585,0.01736,0.049354,-0.051242,0.066033,-0.021894,-0.049986,-0.015391,-0.019871,0.014123,-0.040112,-0.0063805,-0.0086237,-0.030208,0.01293,-0.031144,-0.011216,-0.014083,-0.024463,-0.062507,-0.018109,-0.01463,-0.033796,-0.041064,-0.03834,0.015726,-0.063528,-0.029884,-0.018295,-0.046146,-0.020716,-0.026369,-0.026582,-0.0068497,-0.00449,-0.05342,-0.051489,-0.011399,-0.031328,-0.018809,-0.041303,-0.010494,-0.057367,-0.0036486,-0.047332,-0.032793,-0.022286,-0.049312,-0.021202,-0.0075958,-0.015058,-0.018468,-0.011776,-0.024977,-0.034468,-0.019237,-0.0237,0.027714,-0.029925,-0.016787,-0.024007,-0.012488,-0.018539,0.026807,-0.01547,0.036781,-0.010907,0.0040171,-0.034278,0.03448,-0.024132,-0.020419,-0.015743,0.0030565,-0.025371,-0.020094,-0.028567,0.0013445,-0.0090825,-0.02195,-0.033449,0.039105,-0.042697,-0.042544,0.010616,-0.03074,-0.019805,-0.050711,-0.017721,-0.030649,-0.041094,-0.041421,-0.018041,-0.017752,-0.020481,-0.040308,-0.0033955,-0.01874,-0.00075637,-0.045708,0.024322,-0.031881,-0.022833,-0.012345,-0.050755,-0.039239,-0.047599,-0.034671,-0.029556,-0.038849,-8.158e-05,-0.00092168,-0.016655,-0.0018966
-0.14148,-0.13435,-0.15064,-0.1191,-0.063424,-0.05545,0.023944,-0.02399,-0.062514,-0.10364,-0.068258,-0.041434,-0.015506,0.32231,-0.014452,0.003483,0.0039273,-0.0028024,0.030387,-0.054293,1,-0.05902,-0.036902,-0.031454,-0.046072,-0.02098,0.10045,-0.049069,0.12356,-0.028701,-0.045645,-0.041925,-0.027363,0.1339,-0.00055507,-0.017588,-0.019679,-0.0095908,-0.026409,0.10884,0.044511,-0.00030585,-0.035171,-0.0103,-0.03303,0.021451,0.053125,-0.031597,-0.010974,-0.0066662,-0.017381,0.37765,-0.0012289,-0.035578,0.07414,-0.007187,0.20652,-0.0091281,-0.024792,0.020388,0.0093917,-0.00057727,0.023426,-0.016157,-0.044092,-0.042734,0.01819,0.0080709,-0.0060941,-0.0029687,0.0041627,0.15448,-0.029417,-0.022429,-0.012985,-0.04716,0.012794,-0.029906,-0.043653,0.024224,-0.0038504,-0.032998,-0.012362,-0.01939,-0.032736,0.017316,-0.0085906,-0.014634,0.22177,-0.040889,-0.013946,-0.00095312,-0.036101,0.0082236,0.0081782,-0.0044086,-0.012181,-0.04561,-0.010122,-0.029144,-0.031554,-0.017608,-0.015209,-0.0061327,-0.025859,-0.042696,-0.010908,0.016358,-0.024801,-0.028396,0.18662,-0.0079655,-0.011814,0.013974,-0.056481,0.02947,0.00021787,0.18162,0.040706,0.0026442,0.18536,0.002169,0.063955,0.0058522,-0.041146,-0.014257,0.050816,0.032524,0.0089716,-0.016301,0.11383,0.096127,-0.0060842,0.26854,0.065313,0.0082442,-0.0095508,-0.012595,-0.025439,0.36679,-0.014659
0.024686,-0.0010055,0.05953,-0.033893,-0.046085,0.021771,-0.022394,0.0035177,-0.031957,-0.025469,-0.039579,0.1494,-0.02729,-0.036489,-0.034973,0.0039911,-0.030347,-0.014721,-0.022516,-0.049672,-0.05902,1,0.14187,-0.0091796,-0.021538,0.014191,-0.023011,-0.039199,-0.0091954,-0.023105,-0.029645,-0.031065,-0.021197,-0.027569,-0.033654,-0.017627,-0.016365,-0.017953,-0.021201,0.0002384,-0.028515,-0.0013467,-0.021751,-0.029716,-0.016532,-0.023317,-0.029657,-0.016028,-0.01427,-0.026687,-0.017908,-0.039769,-0.034193,-0.024838,-0.02783,-0.0064702,-0.037177,0.020043,-0.014772,0.025134,0.014487,-0.025056,-0.013776,-0.032237,0.014497,-0.035362,-0.028814,-0.021742,-0.024193,-0.0048773,-0.040244,-0.035037,-0.024288,-0.023569,-0.03305,-0.0086573,-0.024598,0.0093205,0.020684,-0.01123,-0.03188,-0.023706,-0.024864,-0.012304,-0.010418,-0.022997,-0.010245,-0.025375,-0.018326,0.010083,-0.015703,-0.0087503,-0.006354,-0.029726,-0.026082,-0.01931,-0.021013,-0.015116,-0.012889,-0.011344,0.16131,-0.0017734,0.0063065,-0.024623,-0.0084191,-0.016368,-0.020577,-0.01968,-0.016869,-0.017902,0.00047119,-0.022873,-0.014361,-0.013374,-0.020022,-0.016734,-0.018558,-0.028353,-0.019203,-0.0089691,-0.024687,0.0014764,-0.0048725,-0.019253,-0.025601,-0.0097193,-0.038397,-0.021887,-0.02355,-0.034449,0.0013606,-0.033868,-0.015631,-0.036727,-0.032741,-0.036073,-0.0087961,-0.032801,-0.0092022,-0.036881,-0.016658
0.043072,0.017475,0.03962,0.020994,-0.043088,0.04889,-0.033832,-0.0089399,0.0013442,-0.039859,-0.015471,-0.015285,-0.032862,-0.0020745,-0.036369,0.0082938,-0.038023,-0.041587,0.01954,-0.0071807,-0.036902,0.14187,1,-0.021977,-0.01957,-0.014027,-0.003479,-0.032005,-0.018204,-0.020957,-0.039276,-0.031133,-0.00029521,-0.0029664,-0.0014336,-0.0024054,0.008845,-0.02075,-0.02486,0.031785,-0.023667,-0.050502,-0.016667,-0.026307,-0.026776,-0.00045139,-0.031588,0.0076545,-0.033492,-0.026358,-0.035545,-0.029324,-0.020699,-0.022429,-0.034281,-0.015467,-0.021392,-0.012443,-0.020084,0.0068574,-0.016482,0.017708,-0.02171,-0.024481,-0.031207,-0.036601,-0.02856,-0.025568,-0.031655,-0.027339,0.009665,-0.029304,-0.013114,-0.028752,-0.022804,-0.029355,-0.019555,-0.0042923,-0.012873,-0.017785,-0.025545,-0.0090896,-0.020519,-0.028071,-0.027924,-0.025954,-0.023012,-0.030755,-0.018266,0.00024681,-0.025752,-0.021334,-0.015091,0.018453,0.029766,-0.0125,-0.0052587,-0.011876,-0.0079508,-0.0017329,0.27164,-0.020305,-0.025663,-0.01474,-0.017009,-0.025761,-0.012511,0.0033053,-0.0081368,-0.013526,-0.015288,-0.018698,0.029048,-0.01857,-0.025896,-0.017283,-0.021903,-0.032186,-0.021741,0.028868,-0.010922,-0.036706,0.013921,-0.0025453,-0.023199,0.0095471,-0.0074106,-0.0012427,-0.013201,-0.030266,-0.012114,-0.025591,-0.031833,0.0050694,-0.0047681,0.012233,-0.0075048,0.0023425,-0.020859,-0.0015672,-0.014872
0.032849,-0.077314,-0.05886,-0.047301,-0.0431,-0.015001,-0.040677,-0.029821,-0.049489,-0.035802,-0.0019541,0.013814,-0.021995,7.5039e-05,-0.037987,-0.040949,-0.035425,-0.02472,-0.031802,0.00028646,-0.031454,-0.0091796,-0.021977,1,0.01991,-0.013302,0.00092614,0.0084106,-0.0022402,0.005235,-0.00026139,-0.021493,-0.0082961,-0.003455,-0.018935,-0.02626,0.014173,-0.0097989,-0.0045773,0.025113,0.0030336,0.020874,-0.014831,-0.010332,0.012855,0.024315,-0.0269,0.022321,0.44601,-0.018567,-0.015471,-0.041684,0.028127,-0.03345,-0.014766,-0.023758,-0.044415,-0.023399,-0.010925,0.025959,0.053714,0.025983,-0.007841,-0.018324,-0.014553,-0.014233,-0.006041,-0.024499,0.009684,-0.016627,0.02051,0.010094,0.085283,-0.028928,-0.016549,-0.011653,-0.012491,-0.0071063,-0.0051046,-0.030114,-0.011408,-0.013885,-0.00096958,0.0056045,-0.023048,-0.03012,-0.014558,-0.026946,-0.0028368,-0.017588,-0.0054414,-0.020647,-0.01424,0.02287,-0.0085831,0.0028867,-0.010062,0.70511,-0.019419,-0.024812,-0.0087983,-0.017572,-0.021693,-0.0054019,-0.012866,0.13706,-0.027296,0.10344,-0.018641,-0.032495,-0.015552,-0.02412,-0.030793,0.013596,-0.01805,-0.015756,0.0032378,0.018535,-0.024918,-0.010687,-0.019039,0.022446,-0.0041671,-0.010486,0.015145,-0.0085603,0.0046243,-0.017062,0.0015433,-0.040646,-0.0078876,0.0095074,-0.027023,0.015379,-0.015074,0.011808,-0.031455,-0.023592,-0.00092964,-0.035713,0.0099638
0.070239,-0.024161,0.0075475,-0.033262,-0.050296,0.032442,-0.019493,-0.03544,-0.0099122,-0.037099,-0.026448,-0.0257,-0.031987,-0.03015,-0.023756,-0.022859,-0.032124,-0.018968,-0.00090635,-0.025404,-0.046072,-0.021538,-0.01957,0.01991,1,0.0051257,-0.029157,-0.033419,-0.023317,-0.013181,-0.010137,-0.012636,-0.030756,-0.042588,0.04288,-0.02809,-0.0096829,-0.017598,-0.031065,-0.016003,-0.029828,-0.01959,-0.012689,-0.023166,-0.026793,-0.023711,-0.025844,-0.025442,-0.020644,-0.016104,-0.024009,-0.045341,-0.016489,-0.013407,-0.03297,-0.025859,-0.028217,-0.018809,-0.021269,-0.021441,0.030292,-0.021586,-0.025969,-0.0047421,-0.016822,-0.025511,-0.025827,-0.025242,-0.0061482,-0.02816,-0.021633,-0.021455,-0.01199,-0.018393,-0.014335,-0.020447,-0.01266,-0.023446,-0.022455,0.061922,-0.018331,-0.0067002,-0.0027302,-0.013112,-0.017036,-0.018414,-0.021869,-0.01413,-0.020611,-0.013027,-0.0097636,-0.017108,-0.020472,0.04349,-0.0059317,-0.017467,-0.021743,-0.019867,-0.0057089,-0.020058,-0.0054462,-0.016423,-0.0033779,-0.016843,-0.0077686,0.0021368,-0.0058352,-0.017261,-0.023116,-0.022502,-0.018849,-0.023403,-0.017881,-0.012215,-0.028154,-0.014659,-0.0081528,-0.036798,-0.016692,-0.016906,-0.020937,-0.024498,-0.023004,-0.015775,-0.014574,-0.02381,0.024887,-0.016431,-0.023213,-0.039422,-0.028213,-0.019046,-0.034097,0.0013901,-0.011445,-0.025874,-0.010153,-0.025528,-0.027402,-0.043823,-0.036856
-0.051853,0.00019349,-0.04549,-0.047522,-0.018574,-0.045629,-0.0044514,0.053492,-0.010211,-0.041733,-0.03215,-0.011905,0.0087491,-0.034094,-0.022962,-0.015059,-0.018807,0.0073845,-0.015081,-0.037257,-0.02098,0.014191,-0.014027,-0.013302,0.0051257,1,0.30411,-0.023971,0.013717,0.00046938,-0.041546,-0.047408,-0.015686,0.25653,0.13282,-0.015078,-0.011003,0.010349,-0.032639,-0.029694,0.072236,-0.0097859,-0.013769,-0.029619,-0.030144,0.00010636,-0.01479,0.30764,-0.02375,0.0095567,-0.045802,0.038438,0.0024887,0.015779,0.5113,-0.011628,0.033627,-0.016825,-0.03366,-0.010731,0.0047163,-0.0088819,0.25307,0.049921,-0.016022,-0.036027,-0.020546,-0.016848,-0.014945,-0.026578,0.018446,0.0013331,-0.025012,-0.023091,-0.016703,0.0060524,-0.019765,-0.028234,0.034893,-0.00049727,-0.025072,0.0012181,-0.0070415,-0.024524,-0.036399,-0.033117,-0.014803,-0.034189,-0.028899,0.0091494,-0.0061845,-0.0041309,-0.035465,-0.01672,0.013286,0.46843,-0.019403,-0.012176,-0.014,-0.016755,-0.019367,-0.013144,-0.014825,0.3891,0.017954,-0.019276,-0.021992,-0.021279,-0.029649,-0.025458,-0.027578,-0.014122,0.0017531,0.01278,-0.029885,-0.01684,-0.00066,0.005202,0.0008673,-0.010491,0.021658,-0.0092356,-0.0072172,0.0044722,-0.00098968,0.008306,0.15261,-0.0013607,0.44068,-0.037924,0.010796,-0.0014806,-0.035241,0.003419,-0.037712,0.014446,0.054683,0.0022965,0.0086046,-0.039717,-0.00069605
-0.077865,-0.05166,-0.11725,-0.087206,-0.037232,-0.078123,-0.034599,0.169,-0.12928,-0.1416,-0.07484,-0.00015572,0.058622,0.0090315,0.00092513,-0.032438,0.062003,0.026931,0.076954,-0.057823,0.10045,-0.023011,-0.003479,0.00092614,-0.029157,0.30411,1,-0.017892,-0.025627,-0.050561,-0.078637,-0.012498,-0.03183,0.63578,0.036628,-0.04816,-0.00025254,-0.039405,-0.025833,0.085786,0.15394,-0.0052414,-0.042294,-0.031422,-0.060288,-0.031624,-0.022153,0.16642,-0.031609,0.050246,-0.060867,0.30273,0.0097775,0.0013014,0.23946,-0.029124,0.22188,-0.011025,-0.020326,-0.036558,-0.001849,-0.010396,0.089733,0.0018091,-0.035146,-0.060038,-0.023564,-0.025269,-0.020603,0.10165,0.016773,-0.0081543,0.040839,-0.029417,-0.026812,-0.044176,-0.036736,-0.013671,-0.026489,-0.012444,-0.015535,-0.011771,-0.04411,-0.042477,-0.032894,0.0090558,-0.030068,-0.01653,-0.033906,-0.023343,0.043028,0.051344,-0.0065723,-0.028239,0.091065,0.18406,-0.0036654,-0.0071058,0.09159,-0.026627,-0.037769,-0.013273,-0.034777,0.16943,-0.04274,-0.012915,-0.027114,-0.026112,-0.019068,-0.031416,-0.0454,0.0039541,-0.010976,-0.00051718,-0.059257,0.053279,0.0078944,0.25947,0.0060551,0.064432,0.22952,0.0098454,0.15812,-0.019156,-0.012539,-0.025061,0.29586,0.039748,0.23529,0.035912,0.12988,0.057349,0.06227,0.063169,0.053306,0.034227,0.0093288,-0.0043975,-0.0071997,0.023331,-0.0041918
-0.028278,0.061425,-0.038351,0.38028,-0.047759,-0.075907,-0.027742,0.42079,-0.078945,-0.046216,0.067038,-0.03329,-0.057939,-0.058006,-0.018882,-0.017637,-0.0039324,-0.018072,-0.019307,0.30585,-0.049069,-0.039199,-0.032005,0.0084106,-0.033419,-0.023971,-0.017892,1,-0.015145,-0.033977,-0.025273,-0.034881,-0.040408,-0.025753,-0.034831,-0.0070705,-0.034516,-0.0047208,-0.027983,-0.011544,0.0048633,-0.010686,-0.0044224,-0.022868,-0.030522,-0.023833,-0.039844,0.047809,0.014583,-0.018538,-0.038232,-0.04835,0.00046716,-0.052108,0.0018234,-0.03066,-0.018442,-0.0041905,-0.030109,-0.011543,-0.0013347,-0.0062232,-0.010366,-0.03398,-0.012849,-0.027918,-0.036444,-0.012284,-0.0051523,-0.042572,0.002039,-0.03475,-0.016522,-0.0045961,0.00010664,-0.011827,-0.023479,0.053545,0.0059599,-0.038075,-0.0077813,-0.0053137,0.044646,-0.012117,-0.0062255,-0.021123,-0.01787,-0.030404,-0.015804,0.0053802,-0.0043069,-0.028177,-0.020725,0.0082379,0.0052803,0.0031239,-0.012524,-0.0042051,0.0085509,-0.036002,-0.028254,-0.017083,-0.028113,-0.0038375,-0.033936,0.013849,-0.0085246,-0.011939,-0.01482,-0.024985,0.0098662,-0.025572,-0.034601,0.024437,-0.031827,-0.0039277,-0.0070296,-0.016911,-0.01565,-0.016579,-0.015655,-0.0034917,-0.020537,-0.016567,-0.0048982,0.037711,-0.027191,-0.012793,-0.022074,-0.045268,-0.019059,0.0064272,-0.038584,-0.012151,-0.011521,-0.0058526,-0.028532,-0.022419,-0.029863,-0.04298,-0.0067396
0.0089768,-0.061645,-0.042299,-0.047181,-0.038203,0.053312,-0.020902,-0.064815,-0.0090199,-0.048614,0.065522,-0.041384,-0.037876,-0.030272,-0.014245,0.020555,-0.031909,0.00035359,-0.018933,0.01736,0.12356,-0.0091954,-0.018204,-0.0022402,-0.023317,0.013717,-0.025627,-0.015145,1,0.006204,-0.046175,-0.049572,-0.0044981,-0.015479,0.0049307,-0.017946,0.013156,-0.029054,0.11375,-0.017125,0.00022788,0.019249,-0.037143,0.45952,0.016568,0.0011406,-0.019412,0.048248,0.01412,-0.033507,-0.022557,-0.06003,0.038257,-0.0044408,0.0092394,-0.0098563,-0.038832,-0.0067471,-0.003606,0.07638,0.013185,0.023705,-0.0033963,-0.01067,-0.011503,-0.048625,-0.012304,-0.023072,0.0066853,-0.052114,0.043414,0.17612,-0.034593,-0.022586,0.0074681,-0.0082697,0.051868,0.24369,-0.0056034,0.012438,0.33558,-0.027086,0.0097329,-0.014463,-0.041712,-0.018922,-0.02945,-0.012702,-0.021108,-0.0025423,0.015643,-0.027991,-0.035918,0.0060419,-0.0027612,-0.0031774,0.0027587,-0.01325,-0.019007,0.057617,-0.011425,-0.029173,-0.019355,0.00028167,0.0043806,0.0084397,-0.0062549,-0.027678,0.02173,-0.012063,-0.018905,-0.010153,-0.021712,-0.0086662,0.0063625,-0.028036,-0.025645,-0.035218,-0.02271,0.00087438,-0.031052,0.0025234,-0.02179,-0.015202,0.0061182,0.027312,-0.018745,-0.033807,0.007582,-0.041703,-0.0091208,-0.032545,-0.0528,-0.0048296,0.011667,-0.025981,-0.013166,0.018577,0.027065,-0.0084155,0.032551
